        alpha  armijo  Global_min_finds (%)  Other_min_finds (%)  Out_of_iterations (%)  Average_number_of_iterations                       Average_global_min_accuracy
0    1.013012    True                 100.0                  0.0                    0.0                           3.0   [2.7227158471410106e-05, 4.022956511694116e-05]
1    0.507566   False                 100.0                  0.0                    0.0                           3.0   [3.338554683719093e-05, 3.7204076917488985e-05]
2    0.507566    True                 100.0                  0.0                    0.0                           3.0   [3.338554683719093e-05, 3.7204076917488985e-05]
3    0.525934   False                 100.0                  0.0                    0.0                           4.0    [6.823665731080139e-05, 7.628452654958965e-05]
4    0.525934    True                 100.0                  0.0                    0.0                           4.0    [6.823665731080139e-05, 7.628452654958965e-05]
5    0.524245   False                 100.0                  0.0                    0.0                           4.0    [6.477713362831316e-05, 8.045817789090748e-05]
6    0.524245    True                 100.0                  0.0                    0.0                           4.0    [6.477713362831316e-05, 8.045817789090748e-05]
7    1.053667    True                 100.0                  0.0                    0.0                           4.0    [7.793548694716712e-05, 8.671505462737687e-05]
8    1.091622    True                 100.0                  0.0                    0.0                           5.0   [8.873205216832029e-05, 0.00010854878982674935]
9    1.098888    True                 100.0                  0.0                    0.0                           5.0  [0.00010482595393536501, 0.00013229999056253808]
10   0.574402   False                 100.0                  0.0                    0.0                           6.0   [0.00012248954473742895, 0.0001351953041711651]
11   0.574402    True                 100.0                  0.0                    0.0                           6.0   [0.00012248954473742895, 0.0001351953041711651]
12   0.405012   False                 100.0                  0.0                    0.0                           7.0  [0.00014114599965463863, 0.00014861908970027483]
13   0.405012    True                 100.0                  0.0                    0.0                           7.0  [0.00014114599965463863, 0.00014861908970027483]
14   0.532492   False                 100.0                  0.0                    0.0                           4.0    [0.0001560239286302334, 0.0001547111844729221]
15   0.532492    True                 100.0                  0.0                    0.0                           4.0    [0.0001560239286302334, 0.0001547111844729221]
16   0.397794   False                 100.0                  0.0                    0.0                           7.0    [0.0001599328805591327, 0.0001687495778208259]
17   0.397794    True                 100.0                  0.0                    0.0                           7.0    [0.0001599328805591327, 0.0001687495778208259]
18   1.066661    True                 100.0                  0.0                    0.0                           4.0   [0.0001726350756098949, 0.00017100531862797771]
19   1.068785    True                 100.0                  0.0                    0.0                           4.0    [0.0001955144600802446, 0.0001852207341559442]
20   0.644895   False                 100.0                  0.0                    0.0                           9.0  [0.00018594315099383548, 0.00019623178588065542]
21   0.644895    True                 100.0                  0.0                    0.0                           9.0  [0.00018594315099383548, 0.00019623178588065542]
22   0.562625   False                 100.0                  0.0                    0.0                           5.0  [0.00019349952208706314, 0.00020134456526091544]
23   0.562625    True                 100.0                  0.0                    0.0                           5.0  [0.00019349952208706314, 0.00020134456526091544]
24   0.514816   False                 100.0                  0.0                    0.0                           3.0   [0.00019583433964491802, 0.0002000191306521811]
25   0.514816    True                 100.0                  0.0                    0.0                           3.0   [0.00019583433964491802, 0.0002000191306521811]
26   0.563040   False                 100.0                  0.0                    0.0                           5.0  [0.00019987276331205153, 0.00020071494898210585]
27   0.563040    True                 100.0                  0.0                    0.0                           5.0  [0.00019987276331205153, 0.00020071494898210585]
28   0.629155   False                 100.0                  0.0                    0.0                           8.0   [0.00019368232722053827, 0.0002075873081332243]
29   0.629155    True                 100.0                  0.0                    0.0                           8.0   [0.00019368232722053827, 0.0002075873081332243]
30   0.650208   False                 100.0                  0.0                    0.0                           9.0  [0.00020240310371136456, 0.00020980449645318088]
31   0.650208    True                 100.0                  0.0                    0.0                           9.0  [0.00020240310371136456, 0.00020980449645318088]
32   0.385916   False                 100.0                  0.0                    0.0                           7.0  [0.00021243980003381088, 0.00021614278705721633]
33   0.385916    True                 100.0                  0.0                    0.0                           7.0  [0.00021243980003381088, 0.00021614278705721633]
34   0.316514   False                 100.0                  0.0                    0.0                          10.0  [0.00020731532228170183, 0.00022293005481189472]
35   0.316514    True                 100.0                  0.0                    0.0                          10.0  [0.00020731532228170183, 0.00022293005481189472]
36   0.587113   False                 100.0                  0.0                    0.0                           6.0  [0.00020739672395344577, 0.00022594500248728592]
37   0.587113    True                 100.0                  0.0                    0.0                           6.0  [0.00020739672395344577, 0.00022594500248728592]
38   0.696087   False                 100.0                  0.0                    0.0                          11.0   [0.0002358196344235471, 0.00024391171531733906]
39   0.696087    True                 100.0                  0.0                    0.0                          11.0   [0.0002358196344235471, 0.00024391171531733906]
40   0.698367   False                 100.0                  0.0                    0.0                          11.0  [0.00023847130526526427, 0.00024936935387508775]
41   0.698367    True                 100.0                  0.0                    0.0                          11.0  [0.00023847130526526427, 0.00024936935387508775]
42   0.693332   False                 100.0                  0.0                    0.0                          11.0   [0.00024143994424433342, 0.0002595855675574003]
43   0.693332    True                 100.0                  0.0                    0.0                          11.0   [0.00024143994424433342, 0.0002595855675574003]
44   0.274268   False                 100.0                  0.0                    0.0                          13.0  [0.00025434762643574695, 0.00026404189562156954]
45   0.274268    True                 100.0                  0.0                    0.0                          13.0  [0.00025434762643574695, 0.00026404189562156954]
46   0.709195   False                 100.0                  0.0                    0.0                          12.0   [0.00024770013063239266, 0.0002707656070396469]
47   0.709195    True                 100.0                  0.0                    0.0                          12.0   [0.00024770013063239266, 0.0002707656070396469]
48   0.233615   False                 100.0                  0.0                    0.0                          16.0    [0.000256338775531321, 0.00027355006728435605]
49   0.233615    True                 100.0                  0.0                    0.0                          16.0    [0.000256338775531321, 0.00027355006728435605]
50   0.755914   False                 100.0                  0.0                    0.0                          15.0   [0.0002560454121650994, 0.00027614585612059097]
51   0.755914    True                 100.0                  0.0                    0.0                          15.0   [0.0002560454121650994, 0.00027614585612059097]
52   0.749678   False                 100.0                  0.0                    0.0                          15.0    [0.000264070067824429, 0.00028260093106614225]
53   0.749678    True                 100.0                  0.0                    0.0                          15.0    [0.000264070067824429, 0.00028260093106614225]
54   0.758479   False                 100.0                  0.0                    0.0                          15.0   [0.0002659666172085166, 0.00028535778810543364]
55   0.758479    True                 100.0                  0.0                    0.0                          15.0   [0.0002659666172085166, 0.00028535778810543364]
56   0.240247   False                 100.0                  0.0                    0.0                          16.0  [0.00026708169290337775, 0.00028520485587829234]
57   0.240247    True                 100.0                  0.0                    0.0                          16.0  [0.00026708169290337775, 0.00028520485587829234]
58   0.250441   False                 100.0                  0.0                    0.0                          15.0   [0.00027055134041851223, 0.0002839483568882084]
59   0.250441    True                 100.0                  0.0                    0.0                          15.0   [0.00027055134041851223, 0.0002839483568882084]
60   0.760282   False                 100.0                  0.0                    0.0                          16.0   [0.00027107098363795916, 0.0002862809769853536]
61   0.760282    True                 100.0                  0.0                    0.0                          16.0   [0.00027107098363795916, 0.0002862809769853536]
62   0.194471   False                 100.0                  0.0                    0.0                          20.0    [0.0002927093584558597, 0.0003030019568968682]
63   0.194471    True                 100.0                  0.0                    0.0                          20.0    [0.0002927093584558597, 0.0003030019568968682]
64   0.826207   False                 100.0                  0.0                    0.0                          24.0  [0.00029582878796317045, 0.00030243637066766177]
65   0.826207    True                 100.0                  0.0                    0.0                          24.0  [0.00029582878796317045, 0.00030243637066766177]
66   0.836125   False                 100.0                  0.0                    0.0                          25.0     [0.000297532208023273, 0.0003099928043349835]
67   0.836125    True                 100.0                  0.0                    0.0                          25.0     [0.000297532208023273, 0.0003099928043349835]
68   0.160136   False                 100.0                  0.0                    0.0                          26.0  [0.00029614684814293447, 0.00031957123636478326]
69   0.160136    True                 100.0                  0.0                    0.0                          26.0  [0.00029614684814293447, 0.00031957123636478326]
70   0.847204   False                 100.0                  0.0                    0.0                          28.0    [0.0003021692520614572, 0.0003180261148511221]
71   0.847204    True                 100.0                  0.0                    0.0                          28.0    [0.0003021692520614572, 0.0003180261148511221]
72   0.847369   False                 100.0                  0.0                    0.0                          28.0   [0.00030457097446389504, 0.0003170456424430146]
73   0.847369    True                 100.0                  0.0                    0.0                          28.0   [0.00030457097446389504, 0.0003170456424430146]
74   0.153128   False                 100.0                  0.0                    0.0                          27.0   [0.00030587253927150115, 0.0003164911308414675]
75   0.153128    True                 100.0                  0.0                    0.0                          27.0   [0.00030587253927150115, 0.0003164911308414675]
76   0.862851   False                 100.0                  0.0                    0.0                          31.0    [0.0003037212929833129, 0.0003204897521962291]
77   0.862851    True                 100.0                  0.0                    0.0                          31.0    [0.0003037212929833129, 0.0003204897521962291]
78   0.135197   False                 100.0                  0.0                    0.0                          32.0    [0.0003068501222007303, 0.0003258105618111795]
79   0.135197    True                 100.0                  0.0                    0.0                          32.0    [0.0003068501222007303, 0.0003258105618111795]
80   0.127024   False                 100.0                  0.0                    0.0                          34.0   [0.0003099303149161958, 0.00032343120265757215]
81   0.127024    True                 100.0                  0.0                    0.0                          34.0   [0.0003099303149161958, 0.00032343120265757215]
82   0.117842   False                 100.0                  0.0                    0.0                          37.0   [0.0003155901979444338, 0.00032762606581584477]
83   0.117842    True                 100.0                  0.0                    0.0                          37.0   [0.0003155901979444338, 0.00032762606581584477]
84   0.128654   False                 100.0                  0.0                    0.0                          34.0   [0.00031497349999652554, 0.0003324141251482393]
85   0.128654    True                 100.0                  0.0                    0.0                          34.0   [0.00031497349999652554, 0.0003324141251482393]
86   0.123210   False                 100.0                  0.0                    0.0                          35.0   [0.0003178277353701168, 0.00033165516153199626]
87   0.123210    True                 100.0                  0.0                    0.0                          35.0   [0.0003178277353701168, 0.00033165516153199626]
88   0.885188   False                 100.0                  0.0                    0.0                          38.0   [0.0003203620006233532, 0.00033048630669051023]
89   0.885188    True                 100.0                  0.0                    0.0                          38.0   [0.0003203620006233532, 0.00033048630669051023]
90   0.099804   False                 100.0                  0.0                    0.0                          45.0   [0.0003206400974511562, 0.00033899493779792066]
91   0.099804    True                 100.0                  0.0                    0.0                          45.0   [0.0003206400974511562, 0.00033899493779792066]
92   0.116587   False                 100.0                  0.0                    0.0                          38.0    [0.0003217596733662435, 0.0003380775918934079]
93   0.116587    True                 100.0                  0.0                    0.0                          38.0    [0.0003217596733662435, 0.0003380775918934079]
94   0.892312   False                 100.0                  0.0                    0.0                          41.0    [0.0003243993129157907, 0.0003363095333667706]
95   0.892312    True                 100.0                  0.0                    0.0                          41.0    [0.0003243993129157907, 0.0003363095333667706]
96   0.912304   False                 100.0                  0.0                    0.0                          52.0   [0.0003258004883596103, 0.00034596093337198043]
97   0.912304    True                 100.0                  0.0                    0.0                          52.0   [0.0003258004883596103, 0.00034596093337198043]
98   0.070454   False                 100.0                  0.0                    0.0                          65.0  [0.00033550461731331654, 0.00035172884082432796]
99   0.070454    True                 100.0                  0.0                    0.0                          65.0  [0.00033550461731331654, 0.00035172884082432796]
100  0.056587   False                 100.0                  0.0                    0.0                          83.0   [0.00034040616947306944, 0.0003586307585388508]
101  0.056587    True                 100.0                  0.0                    0.0                          83.0   [0.00034040616947306944, 0.0003586307585388508]
102  0.943966   False                 100.0                  0.0                    0.0                          84.0    [0.0003415045974481501, 0.0003589147861371359]
103  0.943966    True                 100.0                  0.0                    0.0                          84.0    [0.0003415045974481501, 0.0003589147861371359]
104  0.046743   False                 100.0                  0.0                    0.0                         101.0     [0.0003450623868866742, 0.000362456354451135]
105  0.046743    True                 100.0                  0.0                    0.0                         101.0     [0.0003450623868866742, 0.000362456354451135]
106  0.036490   False                 100.0                  0.0                    0.0                         131.0  [0.00034645973458609093, 0.00036328838109552414]
107  0.036490    True                 100.0                  0.0                    0.0                         131.0  [0.00034645973458609093, 0.00036328838109552414]
108  0.034048   False                 100.0                  0.0                    0.0                         140.0   [0.00034778475551244803, 0.0003644258951368625]
109  0.034048    True                 100.0                  0.0                    0.0                         140.0   [0.00034778475551244803, 0.0003644258951368625]
110  0.982568   False                 100.0                  0.0                    0.0                         279.0    [0.000355083995582417, 0.00037271466134712513]
111  0.982568    True                 100.0                  0.0                    0.0                         279.0    [0.000355083995582417, 0.00037271466134712513]
112  0.988748   False                 100.0                  0.0                    0.0                         434.0   [0.0003565022773639015, 0.00037427021111711143]
113  0.988748    True                 100.0                  0.0                    0.0                         434.0   [0.0003565022773639015, 0.00037427021111711143]
114  1.013012   False                   0.0                  0.0                  100.0                        1000.0                                               NaN
115  1.053667   False                   0.0                  0.0                  100.0                        1000.0                                               NaN
116  1.066661   False                   0.0                  0.0                  100.0                        1000.0                                               NaN
117  1.068785   False                   0.0                  0.0                  100.0                        1000.0                                               NaN
118  1.091622   False                   0.0                  0.0                  100.0                        1000.0                                               NaN
119  1.098888   False                   0.0                  0.0                  100.0                        1000.0                                               NaN