        alpha  armijo  Global_min_finds (%)  Other_min_finds (%)  Out_of_iterations (%)  Average_number_of_iterations  Average_global_min_accuracy
0    0.344184    True             88.333333            11.666667               0.000000                          65.0                     0.000027
1    0.782663    True             88.333333            11.666667               0.000000                           8.0                     0.000043
2    0.338808    True             88.333333            11.666667               0.000000                         122.0                     0.000085
3    0.373568    True             86.666667            13.333333               0.000000                           7.0                     0.000029
4    0.336794    True             86.666667            13.333333               0.000000                          95.0                     0.000085
5    0.374616    True             85.000000            15.000000               0.000000                           8.0                     0.000022
6    0.805398    True             85.000000            15.000000               0.000000                           9.0                     0.000031
7    0.352726    True             85.000000            15.000000               0.000000                           6.0                     0.000057
8    0.305166    True             85.000000            15.000000               0.000000                          26.0                     0.000077
9    0.887903    True             83.333333            16.666667               0.000000                          14.0                     0.000043
10   1.062749    True             83.333333            16.666667               0.000000                          13.0                     0.000060
11   0.823512    True             81.666667            18.333333               0.000000                          11.0                     0.000043
12   0.249293    True             81.666667            18.333333               0.000000                          12.0                     0.000057
13   1.044023    True             81.666667            18.333333               0.000000                          12.0                     0.000058
14   0.272968    True             81.666667            18.333333               0.000000                          15.0                     0.000064
15   0.764919    True             80.000000            20.000000               0.000000                           9.0                     0.000025
16   0.775614    True             80.000000            20.000000               0.000000                           9.0                     0.000041
17   0.849985    True             80.000000            20.000000               0.000000                          12.0                     0.000048
18   0.228277    True             80.000000            20.000000               0.000000                          19.0                     0.000055
19   0.581700    True             80.000000            20.000000               0.000000                          18.0                     0.000076
20   0.762386    True             78.333333            21.666667               0.000000                           9.0                     0.000021
21   0.855324    True             78.333333            21.666667               0.000000                          12.0                     0.000036
22   0.299515    True             78.333333            21.666667               0.000000                          22.0                     0.000072
23   0.558444    True             78.333333            21.666667               0.000000                          14.0                     0.000073
24   0.222505    True             76.666667            23.333333               0.000000                          18.0                     0.000045
25   1.093535    True             76.666667            23.333333               0.000000                          15.0                     0.000062
26   1.033643    True             76.666667            23.333333               0.000000                          11.0                     0.000064
27   0.413681    True             75.000000            25.000000               0.000000                          10.0                     0.000050
28   0.324406    True             75.000000            25.000000               0.000000                          41.0                     0.000081
29   0.649596    True             75.000000            25.000000               0.000000                          43.0                     0.000084
30   0.766055    True             73.333333            26.666667               0.000000                           9.0                     0.000026
31   0.612027    True             73.333333            26.666667               0.000000                          23.0                     0.000075
32   0.812179    True             71.666667            28.333333               0.000000                          11.0                     0.000038
33   0.868822    True             71.666667            28.333333               0.000000                          14.0                     0.000046
34   0.413191    True             71.666667            28.333333               0.000000                          10.0                     0.000049
35   0.837848    True             71.666667            28.333333               0.000000                          13.0                     0.000060
36   1.029180    True             71.666667            28.333333               0.000000                          11.0                     0.000066
37   1.038131    True             70.000000            30.000000               0.000000                          11.0                     0.000059
38   0.656670    True             70.000000            30.000000               0.000000                          48.0                     0.000082
39   0.675515    True             66.666667            33.333333               0.000000                          86.0                     0.000084
40   0.195919    True             63.333333            36.666667               0.000000                          11.0                     0.000053
41   0.921566    True             63.333333            36.666667               0.000000                          23.0                     0.000056
42   0.520199    True             63.333333            36.666667               0.000000                          10.0                     0.000057
43   0.997938    True             63.333333            36.666667               0.000000                           9.0                     0.000059
44   0.424815    True             61.666667            38.333333               0.000000                          14.0                     0.000041
45   0.451125    True             61.666667            38.333333               0.000000                          18.0                     0.000048
46   1.014596    True             61.666667            38.333333               0.000000                          10.0                     0.000060
47   0.427869    True             56.666667            43.333333               0.000000                          15.0                     0.000040
48   0.083151   False             55.000000            45.000000               0.000000                          17.0                     0.000011
49   0.083151    True             55.000000            45.000000               0.000000                          17.0                     0.000011
50   0.077641   False             55.000000            45.000000               0.000000                          19.0                     0.000024
51   0.077641    True             55.000000            45.000000               0.000000                          19.0                     0.000024
52   0.073775   False             55.000000            45.000000               0.000000                          20.0                     0.000037
53   0.073775    True             55.000000            45.000000               0.000000                          20.0                     0.000037
54   0.064740   False             55.000000            45.000000               0.000000                          24.0                     0.000050
55   0.064740    True             55.000000            45.000000               0.000000                          24.0                     0.000050
56   0.963147    True             55.000000            45.000000               0.000000                          12.0                     0.000052
57   0.048083   False             55.000000            45.000000               0.000000                          34.0                     0.000060
58   0.048083    True             55.000000            45.000000               0.000000                          34.0                     0.000060
59   0.490315    True             55.000000            45.000000               0.000000                           8.0                     0.000068
60   0.032498   False             55.000000            45.000000               0.000000                          53.0                     0.000070
61   0.032498    True             55.000000            45.000000               0.000000                          53.0                     0.000070
62   0.137780   False             55.000000            45.000000               0.000000                          16.0                     0.000074
63   0.137780    True             55.000000            45.000000               0.000000                          16.0                     0.000074
64   0.490920    True             53.333333            46.666667               0.000000                           8.0                     0.000066
65   0.957662    True             51.666667            48.333333               0.000000                          17.0                     0.000054
66   0.960829    True             48.333333            51.666667               0.000000                          14.0                     0.000053
67   0.520199   False              8.333333            13.333333              78.333333                         863.0                     0.000032
68   0.812179   False              8.333333             8.333333              83.333333                         947.0                     0.000037
69   0.413191   False              8.333333            20.000000              71.666667                         859.0                     0.000040
70   0.299515   False              6.666667             0.000000              93.333333                         958.0                     0.000017
71   0.413681   False              6.666667            16.666667              76.666667                         873.0                     0.000038
72   0.272968   False              6.666667             0.000000              93.333333                         958.0                     0.000040
73   0.427869   False              3.333333            20.000000              76.666667                         891.0                     0.000027
74   0.558444   False              3.333333            10.000000              86.666667                         936.0                     0.000036
75   0.921566   False              3.333333             3.333333              93.333333                         975.0                     0.000040
76   0.837848   False              1.666667             0.000000              98.333333                         986.0                     0.000013
77   0.649596   False              1.666667             1.666667              96.666667                         987.0                     0.000028
78   0.963147   False              1.666667             1.666667              96.666667                         998.0                     0.000033
79   0.855324   False              1.666667             1.666667              96.666667                         984.0                     0.000038
80   0.762386   False              1.666667             8.333333              90.000000                         954.0                     0.000041
81   0.612027   False              1.666667            13.333333              85.000000                         939.0                     0.000048
82   0.805398   False              1.666667            10.000000              88.333333                         948.0                     0.000055
83   0.451125   False              1.666667            13.333333              85.000000                         916.0                     0.000057
84   0.764919   False              1.666667             3.333333              95.000000                         968.0                     0.000063
85   0.868822   False              1.666667             6.666667              91.666667                         949.0                     0.000079
86   0.766055   False              1.666667             1.666667              96.666667                         987.0                     0.000084
87   0.195919   False              0.000000            36.666667              63.333333                         639.0                          NaN
88   0.222505   False              0.000000            23.333333              76.666667                         776.0                          NaN
89   0.374616   False              0.000000            40.000000              60.000000                         779.0                          NaN
90   0.373568   False              0.000000            41.666667              58.333333                         780.0                          NaN
91   0.228277   False              0.000000            20.000000              80.000000                         810.0                          NaN
92   0.490920   False              0.000000            18.333333              81.666667                         905.0                          NaN
93   0.490315   False              0.000000            18.333333              81.666667                         912.0                          NaN
94   0.338808   False              0.000000            16.666667              83.333333                         934.0                          NaN
95   0.775614   False              0.000000             8.333333              91.666667                         948.0                          NaN
96   0.823512   False              0.000000             8.333333              91.666667                         950.0                          NaN
97   0.336794   False              0.000000             8.333333              91.666667                         954.0                          NaN
98   0.581700   False              0.000000             6.666667              93.333333                         959.0                          NaN
99   0.344184   False              0.000000             6.666667              93.333333                         963.0                          NaN
100  0.887903   False              0.000000             5.000000              95.000000                         963.0                          NaN
101  0.782663   False              0.000000             8.333333              91.666667                         968.0                          NaN
102  0.656670   False              0.000000             3.333333              96.666667                         971.0                          NaN
103  0.424815   False              0.000000             5.000000              95.000000                         976.0                          NaN
104  0.957662   False              0.000000             5.000000              95.000000                         983.0                          NaN
105  0.960829   False              0.000000             3.333333              96.666667                         983.0                          NaN
106  0.352726   False              0.000000             3.333333              96.666667                         996.0                          NaN
107  0.249293   False              0.000000             0.000000             100.000000                        1000.0                          NaN
108  0.305166   False              0.000000             0.000000             100.000000                        1000.0                          NaN
109  0.324406   False              0.000000             0.000000             100.000000                        1000.0                          NaN
110  0.675515   False              0.000000             0.000000             100.000000                        1000.0                          NaN
111  0.849985   False              0.000000             0.000000             100.000000                        1000.0                          NaN
112  0.997938   False              0.000000             0.000000             100.000000                        1000.0                          NaN
113  1.014596   False              0.000000             0.000000             100.000000                        1000.0                          NaN
114  1.029180   False              0.000000             0.000000             100.000000                        1000.0                          NaN
115  1.033643   False              0.000000             0.000000             100.000000                        1000.0                          NaN
116  1.038131   False              0.000000             0.000000             100.000000                        1000.0                          NaN
117  1.044023   False              0.000000             0.000000             100.000000                        1000.0                          NaN
118  1.062749   False              0.000000             0.000000             100.000000                        1000.0                          NaN
119  1.093535   False              0.000000             0.000000             100.000000                        1000.0                          NaN